25 60
54 25
12630 3335
22 58
65 17
9383 13439
45 15
20 28
3265 2411
35 20
16 62
2109 4588
11 43
92 24
4735 2399
28 13
40 68
13844 19221
39 17
14 53
9993 16820
91 34
40 70
6636 7104
66 48
15 34
10427 8750
11 36
35 14
2936 18538
15 59
95 34
1655 4132
62 27
45 67
2865 3286
12 50
62 32
3130 12588
28 52
96 16
1816 1912
49 16
13 63
6490 17789
12 57
52 35
5528 6754
17 60
26 12
15135 4424
28 50
35 19
12009 19375
64 30
54 91
5498 7241
18 23
77 29
4821 2205
20 89
62 29
6640 7327
76 21
46 98
9512 8428
11 29
69 40
1735 19097
12 37
71 43
3681 4489
50 11
15 81
2280 3765
25 62
68 24
2359 11138
95 65
26 80
5247 6825
81 44
14 44
12683 15236
30 11
20 66
11810 19141
21 68
70 17
8971 12705
17 89
59 47
4329 10617
15 64
77 29
17076 8957
66 36
14 79
6532 9272
23 94
36 23
1177 2576
42 41
64 12
5928 3364
56 35
21 48
17812 19069
96 25
65 70
13503 6860
13 90
72 36
5045 3942
61 57
20 95
1377 2584
42 61
94 31
2048 864
18 74
80 19
10444 17633
36 12
39 91
2412 1740
11 28
69 45
3765 733
30 69
42 14
10730 18770
40 36
27 98
4048 5412
87 31
61 75
8220 6764
47 85
85 17
8657 2941
18 76
96 28
4158 2840
83 29
18 73
1799 3297
29 30
94 24
9875 3990
28 49
98 40
2688 1811
55 18
31 63
16692 2231
56 12
25 52
9340 10016
93 67
16 83
5025 4049
18 30
58 31
9800 12695
40 63
88 17
7456 1772
39 17
33 68
10790 4647
47 23
39 69
10930 14866
26 29
11 92
1948 7435
62 61
15 72
4982 9481
17 79
34 12
3145 4103
50 24
34 62
14860 16616
72 26
36 80
6876 4426
30 93
82 40
3080 5264
64 28
17 63
357 1999
40 85
65 33
3810 3681
48 72
79 29
6943 6029
32 11
63 83
12607 8221
45 23
18 54
14462 12634
33 81
86 54
9998 9774
74 33
22 59
11718 15931
25 84
91 31
2297 3047
46 97
84 52
5356 7290
72 90
58 14
7556 5818
38 13
19 70
5573 4457
54 62
53 14
4778 1644
77 97
58 12
7705 8485
12 46
46 17
7916 10974
26 51
30 16
9740 10350
52 32
22 59
1504 2744
99 17
20 86
3962 1506
73 15
62 82
11730 8990
23 16
23 78
2852 7502
86 43
21 46
5613 5753
39 11
19 36
855 17340
18 58
84 37
2076 2016
94 31
32 36
9102 3587
37 51
93 33
3135 2703
41 82
87 45
7877 5047
52 24
11 50
11307 14130
11 94
28 17
3396 8349
26 63
53 16
8371 5670
69 72
90 21
9726 7524
11 37
66 31
4643 10037
50 12
24 30
3752 2064
20 24
57 20
2241 2060
23 42
23 12
3320 17000
89 36
11 31
7688 5340
15 30
56 31
18103 18018
23 77
77 30
2694 6969
31 68
41 18
7851 15798
65 15
15 55
1230 12690
22 53
45 20
1902 5203
71 11
33 31
5132 2426
74 33
15 53
13957 8149
43 84
44 18
4070 6048
19 44
57 31
5877 14851
30 18
16 32
3966 16594
68 91
78 31
5998 6926
18 94
31 24
2971 7104
43 78
97 56
11278 9542
24 85
57 45
5544 4575
92 20
46 72
5796 3740
13 54
69 21
2910 2285
11 37
74 43
4980 220
19 69
61 30
6046 3570
70 43
35 75
5460 5601
89 56
14 32
8727 7416
73 36
21 50
9183 2576
52 12
13 44
9454 2756
38 69
39 13
4269 5858
48 25
27 49
7202 12297
73 18
12 37
3699 509
20 38
43 27
4679 4949
94 28
31 81
2986 5626
21 71
83 20
3612 6739
20 62
67 52
1705 2950
12 72
85 13
5088 6672
90 25
18 37
7830 2655
69 54
14 85
499 1205
43 22
35 66
10993 2718
23 66
69 21
16407 3350
11 21
44 16
6821 3311
11 32
38 24
11047 904
47 16
33 54
342 13186
46 21
24 52
4692 3086
70 59
15 94
2790 8372
38 81
92 64
8026 5747
16 37
51 23
9540 10884
37 16
13 68
2574 4232
24 16
24 93
3192 7672
54 16
41 82
9270 12460
53 34
12 43
3739 9730
17 54
26 18
2489 4806
30 64
40 15
18850 7951
90 13
12 25
4872 1425
57 33
16 28
6437 3041
46 91
91 58
3486 5676
47 23
18 90
2088 2808
23 44
43 26
7211 14136
99 82
12 48
3084 6056
11 38
61 55
4729 4657
22 58
57 29
14170 12270
17 78
54 49
6158 9968
23 43
90 21
5515 4862
53 16
25 47
5070 17398
99 16
98 80
7106 2560
39 24
20 79
2436 3900
71 38
11 45
15207 14963
81 35
25 77
8558 6412
22 54
40 17
11506 19457
27 16
18 79
2691 3918
19 66
76 24
12432 5408
89 21
17 73
9468 8512
16 67
70 44
6652 7427
31 32
77 16
6005 3088
16 85
67 25
5160 3585
41 23
23 48
917 17955
51 22
32 52
12342 17344
11 29
38 23
10088 14603
19 77
75 17
8394 5726
91 64
19 42
6134 6290
53 34
11 89
4010 7571
26 73
68 19
5856 4923
74 26
15 58
13658 16774
14 47
39 20
2123 16829
30 12
18 24
3510 2832
52 21
11 40
12541 1965
15 78
66 12
8150 8564
84 22
68 75
10152 5404
51 12
14 63
5480 18545
14 52
72 31
19760 10420
23 52
66 35
3397 14541
45 22
25 48
14615 14224
11 68
74 16
3029 14220
98 88
15 99
9310 16742
19 46
34 14
4091 3988
41 18
23 39
17983 6299
55 79
72 25
5399 2893
11 42
83 51
11918 16496
33 96
60 20
4893 6816
38 94
34 25
3594 4162
16 68
76 15
2704 7636
48 13
17 60
16302 3570
53 18
14 16
3644 1440
57 22
12 62
4331 14136
46 76
59 18
5142 6588
79 57
25 86
2641 8226
17 71
76 26
4252 11112
36 78
90 23
9000 2988
95 18
62 76
9884 7784
26 44
82 32
10146 6600
16 53
77 39
12903 8238
15 53
73 34
14752 11574
54 78
39 12
4748 5192
19 41
63 38
4894 11275
68 43
17 42
18213 9813
49 62
87 33
11347 7343
79 99
90 32
11821 9805
55 29
38 89
5635 7109
26 14
16 35
9848 5471
34 83
93 19
3288 3866
99 16
11 48
8272 2816
16 69
43 44
3628 8291
34 76
50 15
12702 2468
84 14
67 86
3404 2962
34 11
41 62
12734 18227
49 93
57 30
5343 7248
20 42
70 48
6430 6474
16 51
38 19
14770 18761
68 28
25 73
2532 3300
74 90
11 98
5925 12368
19 35
59 23
2982 3094
35 16
43 71
13714 17418
87 72
19 82
8394 10128
13 31
77 51
1976 10708
51 89
60 18
4482 7388
55 13
28 67
18992 19163
42 91
80 21
3144 1785
13 88
32 30
1846 7644
28 65
29 14
18563 11996
39 93
55 14
7836 8142
42 12
11 43
12021 12799
47 25
26 45
6137 3945
72 13
14 48
15022 7727
11 34
57 35
3001 1017
29 62
58 17
13749 5691
16 40
81 55
13327 3705
21 44
75 51
13037 12786
63 91
62 27
7164 9222
13 35
51 30
5615 4490
60 17
34 90
6192 3201
13 61
58 54
4817 8641
13 64
73 12
6377 5688
12 47
84 81
2364 5043
96 57
33 79
11067 11977
70 48
18 39
1006 1143
84 74
73 14
13367 7600
50 31
20 49
1690 11661
44 14
36 65
9500 19448
15 74
71 13
8229 6634
87 30
15 34
7206 4128
56 23
14 60
2688 5227
43 16
21 65
16016 17861
11 59
52 20
13204 7828
24 62
63 29
13853 249
81 13
16 82
18669 12763
49 87
69 40
7424 10046
44 64
34 12
5436 14760
12 56
77 17
12675 4591
38 11
13 43
8036 14855
41 86
94 46
6887 5678
59 29
24 52
2134 7654
21 44
35 20
11638 1832
23 46
53 24
6227 6058
25 66
80 33
8530 5412
35 20
19 53
11097 18089
68 47
14 30
3166 3428
42 87
92 37
5122 6617
52 33
15 42
6984 9788
31 55
35 12
1159 10758
67 30
11 58
4113 6710
97 29
59 86
4696 4822
66 16
28 80
12164 14000
31 52
96 11
6652 956
98 26
12 22
7106 3654
41 23
17 43
14372 14388
31 14
21 38
3375 2950
56 25
24 47
880 10948
67 41
22 83
1259 3691
21 35
55 29
4475 18325
52 75
34 14
1376 2473
12 39
60 34
18104 2654
22 63
73 37
7058 6792
79 23
14 62
12971 16947
49 26
37 77
4576 6788
53 89
84 14
5124 7588
33 63
80 46
8882 6604
51 29
15 82
5355 5543
51 24
17 38
15816 14454
41 15
15 54
2668 5567
83 26
31 88
2156 1928
13 21
31 14
9287 3196
89 40
17 34
2683 3710
59 29
25 61
13527 19329
27 98
19 15
1964 3621
99 55
13 41
3155 5063
78 39
47 98
3095 3857
89 39
38 96
5024 8232
61 73
15 88
2887 6397
69 37
32 63
734 852
17 67
61 16
5057 9497
85 31
23 78
3557 3316
37 72
52 21
13193 9965
18 42
55 25
15579 3441
60 27
24 44
18056 9838
60 21
14 90
4604 5526
68 16
61 76
5576 5504
17 42
28 11
1036 5117
58 67
14 84
5530 11543
67 18
21 55
7922 8848
72 25
11 59
8964 13923
77 57
40 94
4268 4576
19 64
67 15
16119 6644
22 93
64 61
6244 12146
62 14
24 63
13282 18799
25 71
80 17
3845 4824
40 79
99 27
11796 9141
55 17
31 64
18593 18712
38 88
67 31
4273 3315
-42 -42
